19
53076845
53076852
58443169
4226524585
53082187
4260281369
4260281370
53058046
240404706
4225207008
53050596
4225207004
4621431267
53082185
4225207003
4225206998
53047322
4225206995
53047324
4
266417451
266417450
53086032
265520332
5
2345064433
2345064429
2345064428
35718832
2345064427
3
4918942058
53117466
53107859
16
3366723735
4923455146
1717481154
1237076021
283261593
1490111982
4175858562
4559569714
283261544
2817627467
1490417526
4559569708
4923455376
53073985
4559569702
4175858561
16
4235206812
53130811
4235206807
53043845
283261510
4235206800
283261515
4168260357
283261516
4235205784
2322645922
53046610
53092794
53052373
2820207938
53052374
2
661803731
265519105
